#NUM	AA	HA	CA	CB	CO	N	HN
1	M	4.052	55.026	33.405	0.00	0.00	0.00
2	I	4.35	61.095	39.193	174.508	0.00	0.00
3	S	4.414	57.714	64.725	174.652	119.28	8.112
4	N	4.511	55.617	37.972	177.606	120.76	8.832
5	A	4.191	54.896	18.468	180.504	123.401	8.504
6	K	4.119	59.55	32.639	178.32	119.908	7.844
7	I	3.615	64.351	37.623	177.784	120.487	7.887
8	A	4.16	55.102	17.517	180.625	121.576	8.062
9	R	4.226	57.517	29.638	178.076	120.694	7.769
10	I	3.576	66.414	37.872	179.221	121.475	8.462
11	N	4.485	55.961	37.642	178.124	119.357	8.161
12	E	4.111	59.252	30.026	179.65	124.689	8.528
13	L	3.948	57.835	41.16	178.491	119.467	8.669
14	A	4.076	55.1	17.838	180.903	122.29	8.326
15	A	4.176	55.196	17.568	181.255	121.829	7.794
16	K	4.026	59.878	32.727	179.086	120.084	7.977
17	A	4.026	54.993	17.858	181.147	123.164	8.527
18	K	4.053	58.961	32.4	177.994	120.927	8.125
19	A	4.355	52.453	19.483	177.769	118.3	7.659
20	G	4.0635	45.907	0.00	175.031	105.949	7.758
21	V	4.608	60.158	32.525	175.837	109.739	7.678
22	I	4.347	61.285	40.142	174.145	124.02	6.842
23	T	4.597	61.139	71.396	175.82	120.184	9.104
24	E	3.965	60.049	29.095	180.012	120.289	9.011
25	E	4.116	60.042	29.131	180.164	120.676	8.917
26	E	4.074	58.684	30.606	179.093	121.997	7.837
27	K	3.964	60.129	32.537	179.776	121.367	8.659
28	A	4.216	55.014	17.61	180.525	122.685	7.648
29	E	3.971	59.269	29.467	178.193	122.691	7.915
30	Q	3.805	59.703	29.404	177.828	119.325	8.891
31	Q	4.085	58.842	28.283	178.371	118.01	7.874
32	K	4.096	59.708	32.403	179.952	120.842	7.739
33	L	4.153	57.774	42.585	179.446	120.088	8.617
34	R	4.009	59.839	29.772	178.614	119.206	8.413
35	Q	4.085	58.771	28.331	178.621	117.434	7.85
36	E	4.015	59.271	29.75	178.975	119.554	7.939
37	Y	4.164	60.59	38.709	177.55	120.782	8.578
38	L	4.072	57.053	42.02	178.983	119.275	8.229
39	K	4.152	58.197	32.466	178.123	118.917	7.79
40	G	3.869	45.758	0.00	174.349	106.796	7.885
41	F	4.455	58.735	39.408	176.028	120.317	7.859
42	R	4.269	56.505	30.801	176.487	121.581	8.044
43	S	4.389	58.809	63.615	174.872	116.338	8.218
44	S	4.441	58.697	63.743	174.653	117.375	8.247
45	M	4.417	55.795	32.84	176.033	122.021	8.194
46	K	4.276	56.399	32.834	176.299	122.277	8.22
47	L	4.299	55.134	42.301	177.189	123.549	8.21
48	E	4.211	56.461	30.428	176.152	121.59	8.366
49	H	0.00	0.00	0.00	0.00	0.00	0.00
50	H	0.00	0.00	0.00	0.00	0.00	0.00
51	H	0.00	0.00	0.00	0.00	0.00	0.00
52	H	0.00	0.00	0.00	0.00	0.00	0.00
53	H	0.00	0.00	0.00	0.00	0.00	0.00
54	H	0.00	0.00	0.00	0.00	0.00	0.00
