#NUM	AA	HA	CA	CB	CO	N	HN
1	M	3.987	55.036	32.995	172.465	0.00	0.00
2	A	4.26	52.399	19.25	176.735	127.112	8.63
3	A	4.213	52.154	19.283	177.234	123.779	8.295
4	E	4.47	54.194	29.58	174.476	121.155	8.175
5	P	4.318	63.038	31.996	176.69	0.00	0.00
6	V	4.001	62.021	32.875	176.14	120.424	8.121
7	E	4.225	56.148	30.307	175.893	124.684	8.41
8	D	4.5	54.073	41.19	175.738	122.079	8.283
9	N	4.556	53.087	38.404	174.165	118.758	8.374
10	C	4.696	57.162	29.244	173.857	118.078	7.804
11	I	3.807	60.917	38.538	173.945	125.267	8.343
12	N	4.749	52.172	40.312	174.43	125.787	8.704
13	F	5.549	54.067	39.446	176.312	122.408	9.001
14	V	4.464	60.9	32.863	175.56	113.727	8.809
15	A	4.834	51.799	22.309	174.573	122.244	7.998
16	M	5.144	54.181	38.963	174.624	117.467	8.288
17	K	4.446	55.545	36.655	173.106	118.681	8.836
18	F	5.333	56.27	40.561	174.502	127.376	8.626
19	I	4.124	59.563	41.352	174.586	126.477	8.335
20	D	4.008	55.521	39.051	176.432	126.766	8.958
21	N	3.68	54.428	38.621	172.752	113.077	8.407
22	T	4.04	62.031	71.408	169.872	113.808	6.882
23	L	4.505	53.859	44.335	172.821	126.409	7.686
24	Y	5.312	55.87	42.501	174.658	122.782	8.612
25	F	4.747	56.163	41.415	174.38	117.56	9.367
26	I	4.46	60.456	39.964	175.842	120.891	8.097
27	A	5.186	51.417	21.061	177.404	130.071	9.244
28	E	4.116	56.858	30.721	175.702	120.464	8.433
29	D	4.565	54.472	41.369	175.661	122.237	8.434
30	D	4.546	54.259	41.535	176.621	121.41	8.264
31	E	4.126	57.382	29.716	176.555	121.755	8.518
32	N	4.599	53.577	38.81	175.359	118.284	8.432
33	L	4.174	55.622	42.153	177.518	121.665	8.022
34	E	4.206	56.701	29.867	176.79	119.836	8.242
35	S	4.283	58.771	63.805	174.594	115.694	8.064
36	D	4.488	54.492	40.863	176.29	121.732	8.32
37	Y	4.219	59.082	38.576	176.04	119.841	7.91
38	F	4.363	58.509	38.936	176.383	119.249	8.043
39	G	3.816	45.586	0.00	174.17	108.92	7.899
40	K	4.238	56.307	32.843	176.772	120.169	7.865
41	L	4.181	55.389	42.014	177.326	122.28	8.174
42	E	4.157	57	29.898	176.467	120.56	8.315
43	S	4.292	58.707	63.596	173.761	115.708	8.074
44	K	4.452	55.59	34.165	175.083	120.964	8.166
45	L	4.534	54.185	45.184	173.711	119.143	7.794
46	S	5.058	55.887	67.275	172.978	115.786	7.713
47	V	4.569	58.686	36.038	173.291	120.435	7.931
48	I	4.834	57.329	40.442	173.607	122.792	7.291
49	R	4.36	54.812	30.989	176.221	126.996	8.347
50	N	4.826	52.732	37.126	175.021	121.791	9.075
51	L	4.424	54.19	42.673	177.032	124.662	7.294
52	N	4.276	54.285	37.422	174.11	118.906	9.057
53	D	4.522	55.899	39.469	175.29	113.24	8.46
54	Q	4.548	56.063	28.16	173.693	112.649	7.369
55	V	5.023	61.246	33.716	174.338	120.811	7.806
56	L	4.613	53.068	45.733	174.057	128.028	8.892
57	F	5.242	56.637	40.028	176.044	122.854	8.596
58	I	4.491	59.089	40.335	174.202	121.989	9.111
59	D	4.732	53.059	41.911	176.39	125.606	8.651
60	Q	3.848	57.473	28.334	176.697	121.973	8.309
61	G	3.85	45.607	0.00	174.177	108.014	8.485
62	N	4.779	52.341	38.93	174.307	119.154	7.829
63	R	4.332	55.298	29.804	174.064	122.081	8.094
64	P	4.268	63.039	31.664	176.127	0.00	0.00
65	L	4.121	55.073	41.856	177.298	120.244	7.989
66	F	4.41	58.259	39.263	176.179	119.803	7.943
67	E	4.089	57.172	30.15	176.195	121.048	8.417
68	D	4.503	54.514	41.017	176.495	120.423	8.135
69	M	4.423	55.811	32.922	176.525	120.662	8.146
70	T	4.207	62.244	69.822	174.43	114.303	8.089
71	D	4.559	54.438	41.124	176.452	122.548	8.268
72	S	4.297	58.873	63.706	174.516	116.055	8.169
73	D	4.553	54.529	41.071	176.241	122.129	8.332
74	C	4.413	58.702	27.638	174.878	119.192	8.146
75	R	4.234	56.495	30.5	176.137	123.165	8.327
76	D	4.476	54.597	41.029	175.741	120.152	8.216
77	N	4.571	53.072	39.125	174.271	117.851	8.106
78	A	4.515	50.492	18.125	174.92	124.394	8.081
79	P	4.364	62.888	32.001	176.639	0.00	0.00
80	R	4.29	55.964	31.527	175.629	122.228	8.343
81	T	4.885	63.25	69.217	173.322	119.53	8.106
82	I	4.628	59.252	41.468	173.264	125.84	8.611
83	F	4.638	57.855	42.217	173.121	130.525	9.123
84	I	4.551	60.721	40.066	174.357	126.816	8.834
85	I	4.319	60.424	38.981	175.017	129.292	8.866
86	S	4.966	57.332	63.432	173.509	123.379	8.751
87	M	4.764	55.444	34.803	175.896	122.592	8.737
88	Y	4.59	58.084	38.751	176.444	123.252	8.448
89	K	4.217	57.571	32.705	176.432	121.955	8.593
90	D	4.612	54.26	41.208	175.935	119.274	8.235
91	S	4.452	59.098	63.657	174.079	118.144	8.482
92	Q	4.74	53.491	28.98	175.251	122.101	8.325
93	P	4.209	65.545	31.803	178.065	0.00	0.00
94	R	4.049	56.342	29.917	175.01	113.298	7.625
95	G	3.9895	44.663	0.00	172.256	107.057	7.592
96	M	4.775	54.927	32.99	175.125	120.502	8.704
97	A	4.979	51.705	20.693	176.755	129.858	8.841
98	V	5.94	58.471	36.198	175.599	114.926	9.528
99	T	4.965	60.99	72.546	173.218	110.881	8.689
100	I	4.601	59.649	39.698	174.361	126.939	10.368
101	S	5.399	56.371	66.453	170.664	120.341	9.09
102	V	4.83	59.271	35.223	174.546	118.761	8.924
103	K	4.764	54.238	35.807	174.787	127.077	8.944
104	C	4.644	59.761	25.788	174.181	127.819	7.899
105	E	4.081	60.045	29.341	175.985	124.533	9.039
106	K	4.507	53.95	34.991	175.609	117.398	7.938
107	I	4.708	61.024	38.307	175.315	121.833	8.312
108	S	5.248	57.253	65.597	173.377	121.784	8.577
109	T	4.812	63.566	71.805	172.421	121.878	9.556
110	L	3.643	56.412	42.798	174.306	131.094	8.938
111	S	5.046	55.046	65.299	174.433	117.822	8.63
112	C	5.69	55.916	29.211	173.78	120.239	8.695
113	E	4.002	57.991	29.791	177.137	123.422	7.963
114	N	4.124	55.025	37.025	173.172	118.9	8.641
115	K	2.825	58.188	29.126	173.777	110.463	8.172
116	I	4.214	59.22	41.325	174.742	118.757	7.012
117	I	4.554	58.73	35.5	176.359	122.906	8.326
118	S	4.696	57.031	65.769	171.203	124.161	8.916
119	F	4.99	57.363	41.762	175.592	118.35	8.502
120	K	4.626	54.475	35.578	176.268	121.95	8.949
121	E	4.496	56.876	28.298	174.267	125.688	8.912
122	M	4.457	55.416	34.455	173.781	125.103	7.983
123	N	4.652	50.84	37.361	172.476	122.862	8.679
124	P	0.00	0.00	0.00	0.00	0.00	0.00
125	P	4.379	62.342	32.391	176.875	0.00	0.00
126	D	4.444	55.602	40.98	175.581	120.547	8.616
127	N	4.737	52.107	40.988	174.501	114.25	7.637
128	I	3.914	61.045	38.394	176.46	119.999	8.499
129	K	4.011	57.856	32.178	176.598	122.835	8.193
130	D	4.642	53.808	41.514	175.526	117.819	7.762
131	T	4.092	62.1	69.977	173.59	114.03	7.405
132	K	4.173	55.526	32.94	176.676	123.571	8.018
133	S	0.00	0.00	0.00	176.669	115.197	8.132
134	D	4.188	56.117	39.861	174.849	0.00	0.00
135	I	5.098	60.026	38.813	175.305	108.724	6.952
136	I	4.587	59.773	37.742	175.441	121.661	7.085
137	F	4.768	55.842	43.086	173.236	128.552	9.288
138	F	5.544	56.146	41.02	176.395	117.924	9.906
139	Q	4.749	55.649	30.606	175.824	123.13	9.084
140	R	4.857	53.624	33.903	175.447	125.327	8.898
141	S	4.613	58.844	63.752	173.78	117.467	8.551
142	V	4.046	59.688	33.186	174.635	124.922	8.473
143	P	4.164	64.291	31.444	177.84	0.00	0.00
144	G	3.7485	45.444	0.00	173.885	113.235	8.665
145	H	4.626	54.068	31.07	174.376	120.203	8.033
146	D	4.341	56.696	40.617	175.959	122.181	8.553
147	N	4.68	52.691	37.793	174.18	114.508	8.056
148	K	5.109	54.797	36.097	174.761	117.155	7.56
149	M	5.002	53.861	35.706	172.915	118.674	8.713
150	Q	4.832	52.587	31.264	174.015	117.489	8.552
151	F	5.461	57.742	42.492	173.838	117.029	9.919
152	E	4.415	53.569	0.00	176.765	125.176	9.156
153	S	4.233	58.885	63.474	174.458	120.506	8.866
154	S	4.111	59.521	63.596	176.303	119.982	7.442
155	S	3.691	60.333	63.598	173.664	115.894	7.651
156	Y	4.578	55.174	37.35	172.864	121.429	7.505
157	E	4.131	58.336	29.525	178.678	122.455	8.115
158	G	3.9865	45.328	0.00	173.194	113.933	10.297
159	Y	4.869	57.839	38.129	174.358	119.695	8.274
160	F	5.707	55.721	44.2	177.059	120.834	9.24
161	L	4.892	55.979	41.659	176.014	118.034	8.303
162	A	5.065	51.104	23.211	174.851	127.532	9.151
163	C	5.922	56.747	32.477	173.742	113.786	9.291
164	E	5.032	54.058	33.943	174.73	120.628	8.965
165	K	3.94	56.852	33.433	175.929	126.309	8.797
166	E	4.303	56.056	31.41	174.397	129.191	8.832
167	R	3.613	58.632	27.538	174.683	123.914	8.896
168	D	4.471	54.258	40.23	174.703	119.015	8.75
169	L	4.863	53.522	46.061	175.183	120.057	7.748
170	F	5.244	56.866	42.457	174.695	117.199	8.52
171	K	4.9	54.53	36.245	175.367	122.105	9.308
172	L	5.004	55.68	43.426	176.119	124.196	8.345
173	I	4.496	60.736	43.072	172.195	121.506	9.136
174	L	5.211	53.605	44.496	176.445	122.237	8.209
175	K	4.801	53.803	38.109	174.733	127.195	9.361
176	K	4.116	56.679	32.837	178.573	126.663	8.746
177	E	3.676	59.829	29.81	177.364	123.801	8.466
178	D	4.413	54.265	39.475	176.537	114.28	8.16
179	E	4.376	55.351	30.785	176.578	117.952	7.712
180	L	4.106	55.93	41.924	177.613	121.449	7.397
181	G	3.9975	45.62	0.00	173.808	108.718	8.167
182	D	4.571	54.999	40.554	176.093	120.022	8.333
183	R	4.322	56.284	30.583	175.463	117.85	8.316
184	S	5.419	57.241	65.594	172.714	113.224	7.7
185	I	4.581	59.416	41.809	174.342	118.157	8.81
186	M	4.358	56.658	33.33	175.313	124.451	8.509
187	F	4.568	57.447	40.319	173.176	127.515	8.07
188	T	5.251	59.221	72.933	171.732	118.576	6.66
189	V	4.296	59.272	35.647	174.824	111.959	7.86
190	Q	4.776	55.145	30.486	175.191	124.889	8.704
191	N	4.459	52.969	39.246	174.844	124.01	8.562
192	E	4.275	55.909	30.846	174.999	121.742	7.984
193	D	4.258	55.867	41.99	180.82	126.829	7.947
