#NUM	AA	HA	CA	CB	CO	N	HN
1	H	4.672	56.389	30.539	175.343	0.00	0.00
2	M	4.468	55.589	32.681	176.559	122.11	8.425
3	G	3.972	45.293	0.00	173.855	110.147	8.437
4	K	4.359	56.205	33.31	0.00	121.097	8.146
5	K	4.25	56.432	33.485	175.074	123.076	8.337
6	C	4.563	59.554	29.301	175.565	124.268	8.231
7	Y	4.619	59.276	37.718	175.096	126.773	8.397
8	K	3.984	61.898	33.787	178.263	123.987	9.194
9	L	4.164	58.029	41.271	179.937	118.211	8.396
10	E	3.976	60.087	29.243	178.716	122.25	8.61
11	N	4.4	55.223	37.423	179.713	118.702	8.98
12	E	4.143	60.237	29.355	179.094	123.781	8.291
13	K	4.174	59.392	32.104	179.908	120.629	7.852
14	L	4.115	57.827	43.735	178.78	120.133	8.547
15	F	4.087	62.542	39.328	177.172	119.568	8.573
16	E	4.007	59.825	29.172	179.207	118.609	8.308
17	E	4.005	59.999	29.575	179.744	120.428	8.164
18	F	4.072	61.745	38.608	177.375	121.555	8.459
19	L	3.569	57.741	40.938	179.348	122.444	8.916
20	E	3.87	59.641	29.135	179.097	119.517	8.267
21	L	4.074	58.401	41.427	179.698	121.022	7.359
22	C	3.719	63.907	26.769	178.542	116.405	7.937
23	K	3.785	60.136	32.604	178.236	123.191	8.796
24	M	4.392	57.261	33.273	178.173	114.669	7.383
25	Q	4.676	56.55	31.056	176.643	114.932	7.584
26	T	4.898	60.821	69.134	175.091	109.324	7.565
27	A	4.087	55.169	18.611	178.596	124.306	7.995
28	D	4.411	54.582	39.948	175.743	112.663	8.558
29	H	5.123	54.133	29.581	0.00	118.2	8.076
30	P	4.443	64.816	32.054	177.151	0.00	0.00
31	E	4.349	57.819	28.266	178.128	119.166	9.955
32	V	3.964	66.437	31.879	176.808	121.083	7.834
33	V	3.817	69.33	29.642	0.00	119.913	8.18
34	P	4.524	65.855	30.667	178.955	0.00	0.00
35	F	4.441	61.405	39.5	178.009	119.107	7.505
36	L	4.164	58.549	42.538	178.903	121.863	8.439
37	Y	4.453	62.566	38.61	177.987	118.639	8.807
38	N	4.348	56.839	38.826	177.568	117.484	8.524
39	R	3.866	58.337	30.198	178.865	117.305	7.98
40	Q	3.667	60.498	27.447	177.465	121.567	8.182
41	Q	3.83	57.704	29.069	178.068	115.46	8.084
42	R	4.31	55.483	31.261	175.406	115.561	7.258
43	A	4.5	51.848	19.929	176.101	123.087	7.171
44	H	4.34	57.798	32.288	177.656	119.26	8.679
45	S	3.947	62.467	62.467	177.235	124.001	8.898
46	L	4.214	58.124	41.401	180.403	123.666	9.397
47	F	4.287	61.403	39.074	179.677	119.57	7.358
48	L	3.813	56.985	41.417	177.902	118.542	8.026
49	A	4.364	51.334	20.204	176.472	121.385	7.281
50	S	4.607	59.454	66.929	175.57	115.845	7.496
51	A	2.823	54.039	18.155	179.735	126.173	8.921
52	E	3.945	59.86	29.197	179.065	118.246	8.411
53	F	4.305	57.537	37.314	175.652	119.321	7.908
54	C	3.727	63.462	27.755	177.983	120.965	7.206
55	N	4.327	56.472	38.332	177.955	118.46	8.098
56	I	3.72	65.194	38.913	177.795	121.322	7.938
57	L	3.616	57.549	42.865	178.349	120.59	8.569
58	S	4.017	62.612	62.66	176.938	113.187	8.46
59	R	4.104	59.343	30.062	178.449	122.396	7.693
60	V	3.402	66.641	31.197	177.176	118.547	8.507
61	L	4.008	58.631	42.489	178.022	120.647	8.293
62	S	4.113	61.428	62.802	178.489	111.67	7.526
63	R	3.901	59.033	28.837	177.853	121.526	8.086
64	A	3.988	55.022	19.364	179.1	121.506	8.428
65	R	4.038	58.991	30.622	178.425	113.435	7.797
66	S	4.435	60.299	64.138	175.137	112.653	7.598
67	R	4.945	53.782	30.681	0.00	121.291	8.221
68	P	4.537	65.299	31.665	179.168	0.00	0.00
69	A	4.364	54.397	18.763	179.764	119.987	8.578
70	K	4.527	54.932	32.21	175.777	116.669	7.976
71	L	4.049	59.452	42.253	177.832	120.159	7.521
72	Y	4.078	62.767	36.792	178.739	113.351	8.5
73	V	3.676	66.048	31.236	179.103	121.939	7.465
74	Y	4.659	59.246	37.165	178.617	121.958	7.112
75	I	3.762	67.033	38.93	178.407	119.819	8.955
76	N	4.549	57.285	38.366	178.374	118.876	8.132
77	E	4.103	60.216	29.802	179.23	123.078	8.499
78	L	4.181	57.789	42.205	179.045	119.815	8.292
79	C	4.028	65.701	27.374	177.154	116.706	8.967
80	T	3.947	67.312	68.757	176.7	118.62	8.523
81	V	4.031	65.837	31.984	178.525	122.966	8.031
82	L	3.807	58.452	41.861	180.446	120.541	8.324
83	K	3.883	59.404	32.53	178.558	122.164	8.282
84	A	4.073	53.795	17.821	177.688	120.638	7.641
85	H	4.536	54.61	28.214	172.915	115.139	7.075
86	S	4.451	58.869	64.483	174.586	114.067	7.178
87	A	4.267	53.078	19.252	177.652	127.014	8.859
88	K	4.308	56.189	33.078	176.417	120.186	8.36
89	K	4.277	56.308	33.316	176.173	122.944	8.22
90	K	4.316	56.305	33.222	176.194	123.485	8.348
91	L	4.355	55.25	42.56	176.148	124.776	8.39
92	N	4.411	54.718	40.374	0.00	124.004	7.931
