#NUM	AA	HA	CA	CB	CO	N	HN
1	H	4.662	56.381	30.527	0.00	0.00	0.00
2	M	4.452	55.575	32.65	0.00	122.009	8.398
3	G	3.942	45.291	0.00	0.00	110.056	8.415
4	K	4.331	56.201	33.3	0.00	121.054	8.13
5	K	4.234	56.385	33.519	0.00	123.083	8.338
6	C	4.554	59.537	29.388	0.00	124.093	8.201
7	Y	4.576	59.498	37.832	0.00	126.792	8.392
8	K	3.959	61.94	33.894	0.00	123.912	9.129
9	L	4.147	58.025	41.305	0.00	118.161	8.398
10	E	3.941	60.195	29.258	0.00	122.191	8.629
11	N	4.357	55.215	37.443	0.00	118.685	8.948
12	E	4.106	60.268	29.335	0.00	123.767	8.276
13	K	4.154	59.357	32.172	0.00	120.507	7.818
14	L	4.087	57.863	43.768	0.00	120.059	8.509
15	F	4.07	62.573	39.233	0.00	119.588	8.542
16	E	3.982	59.926	29.229	0.00	118.578	8.288
17	E	3.986	60.031	29.6	0.00	120.379	8.152
18	F	4.034	61.889	38.681	0.00	121.586	8.433
19	L	3.546	57.761	40.971	0.00	122.325	8.879
20	E	3.857	59.643	29.1	0.00	119.557	8.242
21	L	4.045	58.42	41.421	0.00	120.99	7.339
22	C	3.696	63.944	26.782	0.00	116.34	7.922
23	K	3.764	60.158	32.658	0.00	123.385	8.8
24	M	4.354	57.328	33.308	0.00	114.543	7.351
25	Q	4.632	56.556	31.103	0.00	114.733	7.568
26	T	4.893	60.704	69.12	0.00	109.136	7.546
27	A	4.047	55.092	18.722	0.00	124.446	7.951
28	D	4.363	54.463	39.862	0.00	112.584	8.585
29	H	5.096	53.985	29.716	0.00	117.835	8.034
30	P	4.394	64.798	32.106	0.00	0.00	0.00
31	E	4.288	57.959	28.276	0.00	119.12	10.005
32	V	3.719	66.864	31.86	0.00	120.737	7.801
33	V	3.753	69.395	29.546	0.00	119.444	8.068
34	P	4.495	65.86	30.771	0.00	0.00	0.00
35	F	4.356	61.613	39.647	0.00	119.124	7.501
36	L	4.119	58.543	42.704	0.00	121.747	8.395
37	Y	4.431	62.599	38.706	0.00	118.668	8.776
38	N	4.319	56.786	38.844	0.00	117.513	8.499
39	R	3.843	58.453	30.087	0.00	117.379	7.944
40	Q	3.638	60.522	27.536	0.00	121.468	8.14
41	Q	3.795	57.773	29.101	0.00	115.262	8.053
42	R	4.287	55.535	31.216	0.00	115.543	7.227
43	A	4.47	51.894	20.056	0.00	123.09	7.172
44	H	4.288	57.93	32.375	0.00	119.231	8.641
45	S	3.991	62.534	62.534	0.00	124.036	8.872
46	L	4.189	58.14	41.425	0.00	123.627	9.48
47	F	4.243	61.412	39.15	0.00	119.444	7.338
48	L	3.786	57.098	41.571	0.00	118.559	8.009
49	A	4.339	51.339	20.311	0.00	121.244	7.238
50	S	4.579	59.568	66.889	0.00	115.803	7.472
51	A	2.807	54.059	18.313	0.00	126.099	8.927
52	E	3.941	60.098	29.198	0.00	118.242	8.45
53	F	4.267	57.539	37.276	0.00	119.208	7.88
54	C	3.702	63.477	27.818	0.00	120.915	7.183
55	N	4.293	56.56	38.439	0.00	118.472	8.078
56	I	3.673	65.232	38.992	0.00	121.111	7.897
57	L	3.593	57.537	42.958	0.00	120.401	8.543
58	S	4.007	62.816	62.78	0.00	113.107	8.42
59	R	4.057	59.4	30.11	0.00	122.435	7.661
60	V	3.371	66.674	31.26	0.00	118.405	8.509
61	L	3.99	58.634	42.529	0.00	120.512	8.297
62	S	4.085	61.476	62.774	0.00	111.632	7.511
63	R	3.857	59.155	28.756	0.00	121.302	8.039
64	A	3.947	54.992	19.475	0.00	121.545	8.387
65	R	4.012	59.021	30.617	0.00	113.397	7.786
66	S	4.409	60.302	64.164	0.00	112.522	7.564
67	R	4.889	53.691	30.779	0.00	121.176	8.159
68	P	4.518	65.36	31.703	0.00	0.00	0.00
69	A	4.345	54.403	18.876	0.00	119.958	8.544
70	K	4.498	54.767	32.121	0.00	116.351	7.933
71	L	4.032	59.402	42.246	0.00	120.155	7.5
72	Y	4.033	62.576	36.925	0.00	113.414	8.476
73	V	3.574	66.039	31.174	0.00	121.439	7.378
74	Y	4.619	59.166	37.199	0.00	121.762	6.972
75	I	3.743	67.06	38.879	0.00	119.703	8.892
76	N	4.434	57.36	38.727	0.00	119.071	8.201
77	E	4.048	60.221	29.797	0.00	122.576	8.445
78	L	4.142	57.908	42.244	0.00	119.363	8.257
79	C	4.033	65.878	27.335	0.00	116.561	8.948
80	T	3.929	67.453	68.774	0.00	118.751	8.546
81	V	3.977	65.908	31.992	0.00	122.765	8.042
82	L	3.788	58.446	41.903	0.00	120.438	8.301
83	K	3.858	59.509	32.584	0.00	122.146	8.22
84	A	4.04	53.865	17.968	0.00	120.567	7.63
85	H	4.509	54.659	28.271	0.00	114.817	7.044
86	S	4.448	58.828	64.495	0.00	114.037	7.146
87	A	4.243	53.228	19.355	0.00	126.997	8.847
88	K	4.336	56.092	33.064	0.00	119.865	8.332
89	K	4.284	56.238	33.367	0.00	122.774	8.19
90	K	4.336	56.294	33.27	0.00	123.5	8.342
91	L	4.341	55.231	42.543	0.00	124.831	8.385
92	N	4.385	54.689	40.392	0.00	123.914	7.908
