#NUM	AA	HA	CA	CB	CO	N	HN
1	G	3.895	43.705	0.00	0.00	0.00	0.00
2	S	4.563	58.435	64.144	0.00	0.00	0.00
3	H	4.692	56.356	30.519	0.00	0.00	0.00
4	M	4.433	0.00	0.00	0.00	0.00	8.378
5	A	4.321	52.703	19.235	0.00	125.438	8.386
6	M	4.423	55.453	32.959	0.00	119.523	8.304
7	A	4.284	52.736	19.59	0.00	124.393	8.174
8	Y	4.576	57.85	38.05	0.00	119.354	8.311
9	V	4.355	61.607	33.95	0.00	120.468	7.64
10	I	4.249	60.718	39.609	0.00	124.941	8.504
11	R	4.964	54.539	32.782	0.00	123.643	8.227
12	D	4.584	53.07	41.459	0.00	122.054	8.452
13	E	3.967	57.936	28.938	0.00	118.062	8.793
14	W	4.712	57.056	29.179	0.00	120.618	7.985
15	G	3.936	45.396	0.00	0.00	108.151	8.096
16	N	4.684	53.25	38.791	0.00	120.811	8.693
17	Q	4.412	55.989	29.549	0.00	121.338	8.574
18	I	4.213	60.038	40.045	0.00	124.393	8.342
19	W	4.797	57.586	30.728	0.00	126.039	8.295
20	I	3.996	58.838	38.78	0.00	121.513	8.144
21	C	5.146	55.85	32.628	0.00	131.302	7.899
22	P	4.337	63.205	31.958	0.00	0.00	0.00
23	G	4.0785	46.313	0.00	0.00	108.266	8.863
24	C	5.053	57.484	32.338	0.00	116.976	7.693
25	N	4.409	55.309	37.96	0.00	120.564	8.905
26	K	4.995	54.075	33.194	0.00	119.459	8.486
27	P	5.131	61.993	33.632	0.00	0.00	0.00
28	D	4.626	55.416	42.502	0.00	120.207	8.298
29	D	4.8	52.727	41.327	0.00	128.639	9.343
30	G	4.0475	45.273	0.00	0.00	110.555	8.782
31	S	4.626	57.886	61.763	0.00	119.302	8.363
32	P	3.912	64.883	30.773	0.00	0.00	0.00
33	M	5.373	54.339	39.49	0.00	120.117	8.125
34	I	4.51	59.407	43.067	0.00	122.573	9.555
35	G	2.5125	42.56	0.00	0.00	115.864	7.538
36	C	4.492	60.173	31.692	0.00	0.00	8.418
37	D	4.668	57.31	41.929	0.00	128.67	9.003
38	D	5.105	55.829	43.796	0.00	123.201	9.607
39	C	4.769	59.711	31.861	0.00	119.601	8.151
40	D	4.748	55.714	41.565	0.00	116.936	7.84
41	D	5.019	55.831	42.921	0.00	121.152	8.593
42	W	5.258	56.602	31.151	0.00	121.451	8.851
43	Y	5.704	54.926	43.649	0.00	116.073	9.127
44	H	4.957	58.632	31.391	0.00	119.657	8.92
45	W	4.436	60.928	25.982	0.00	122.237	8.369
46	P	4.518	65.691	30.724	0.00	0.00	0.00
47	C	4.272	62.939	29.11	0.00	118.116	7.362
48	V	4.695	60.124	31.827	0.00	109.085	7.596
49	G	3.904	46.915	0.00	0.00	108.979	7.506
50	I	3.953	60.512	37.88	0.00	120.835	7.819
51	M	4.645	54.548	33.635	0.00	123.27	8.578
52	A	4.245	50.8	21.43	0.00	121.836	7.196
53	A	3.874	50.715	17.668	0.00	123.786	8.395
54	P	4.541	61.091	30.781	0.00	0.00	0.00
55	P	4.42	63.059	32.236	0.00	0.00	0.00
56	E	4.061	58.728	30.028	0.00	122.668	8.695
57	E	4.211	57.136	28.659	0.00	115.798	8.901
58	M	4.441	55.477	34.221	0.00	120.772	7.646
59	Q	4.397	55.712	31.157	0.00	124.27	8.431
60	W	4.285	59.27	31.03	0.00	126.189	9.12
61	F	5.277	54.138	41.308	0.00	123.174	6.687
62	C	3.638	56.879	29.711	0.00	126.4	9.222
63	P	4.111	65.616	32.177	0.00	0.00	0.00
64	K	4.189	59.324	32.945	0.00	117.2	7.931
65	C	3.909	63.754	29.907	0.00	125.354	8.481
66	A	3.765	54.523	18.298	0.00	121.697	8.904
67	N	4.604	53.908	38.936	0.00	113.992	7.51
68	K	4.113	57.657	32.933	0.00	120.103	7.425
69	I	3.925	61.938	38.189	0.00	120.381	7.855
70	K	4.243	56.486	32.942	0.00	124.371	8.081
71	K	4.252	56.52	32.966	0.00	122.385	8.251
72	D	4.572	54.554	41.394	0.00	121.261	8.373
73	K	4.293	56.2	32.966	0.00	121.492	8.201
74	K	4.281	56.357	32.966	0.00	123.061	8.347
75	H	4.449	57.365	30.772	0.00	125.334	8.009
