#NUM	AA	HA	CA	CB	CO	N	HN
1	G	3.902	43.693	0.00	0.00	0.00	0.00
2	S	4.523	58.4	63.991	0.00	0.00	0.00
3	H	4.69	56.42	30.354	0.00	0.00	0.00
4	M	4.446	55.618	32.684	0.00	122.067	8.381
5	A	4.338	52.657	19.185	0.00	125.65	8.389
6	M	4.433	55.336	32.906	0.00	119.69	8.325
7	A	4.285	52.588	19.739	0.00	124.523	8.132
8	Y	4.531	58.131	37.735	0.00	118.674	8.503
9	V	4.361	61.519	33.707	0.00	119.301	7.32
10	I	4.366	60.094	40.242	0.00	124.599	8.669
11	R	5.16	54.23	33.05	0.00	122.178	8.199
12	D	4.613	52.663	41.515	0.00	122.441	8.546
13	E	3.942	58.121	28.675	0.00	117.521	8.918
14	W	4.76	57.033	29.102	0.00	120.482	8.001
15	G	3.9785	45.312	0.00	0.00	107.765	8.114
16	N	4.766	53.269	38.815	0.00	121.269	8.84
17	Q	4.565	56.172	30.152	0.00	121.423	8.663
18	I	4.481	60.093	40.59	0.00	124.635	8.56
19	W	4.803	59.161	31.67	0.00	127.871	8.948
20	I	4.087	58.467	39.108	0.00	121.947	8.702
21	C	5.252	55.646	32.443	0.00	130.14	7.979
22	P	4.208	63.157	31.835	0.00	0.00	0.00
23	G	4.065	46.228	0.00	0.00	108.005	8.79
24	C	5.079	57.457	32.356	0.00	116.674	7.686
25	N	4.413	55.424	37.901	0.00	120.353	8.949
26	K	5.04	53.909	33.027	0.00	119.499	8.581
27	P	5.087	62.288	33.497	0.00	0.00	0.00
28	D	4.559	54.85	42.555	0.00	119.646	8.251
29	D	4.843	52.561	41.321	0.00	130.4	9.437
30	G	4.0805	45.369	0.00	0.00	110.921	8.731
31	S	4.594	58.218	61.164	0.00	118.131	8.334
32	P	4.488	64.383	30.222	0.00	0.00	0.00
33	M	5.717	54.753	42.358	0.00	119.268	8.637
34	I	5.199	59.472	43.191	0.00	125.246	9.824
35	G	2.3705	42.848	0.00	0.00	115.216	7.558
36	C	4.547	60.279	31.492	0.00	126.228	8.724
37	D	4.739	57.594	41.263	0.00	129.754	9.144
38	D	5.155	56.255	43.317	0.00	123.885	9.652
39	C	4.697	60.392	32.199	0.00	119.447	8.257
40	D	4.973	56.256	42.159	0.00	119.322	7.874
41	D	5.204	56.153	42.613	0.00	120.665	8.736
42	W	5.402	56.738	31.376	0.00	120.295	9.211
43	Y	5.724	54.706	43.418	0.00	116.363	9.187
44	H	5.046	58.476	31.256	0.00	120.765	9.252
45	W	4.421	61.077	25.48	0.00	122.268	8.283
46	P	4.534	65.799	30.719	0.00	0.00	0.00
47	C	4.283	62.965	29.062	0.00	117.589	7.303
48	V	4.73	60.135	31.672	0.00	108.649	7.589
49	G	3.927	47.008	0.00	0.00	108.886	7.504
50	I	4.095	59.671	37.79	0.00	120.019	7.803
51	M	4.715	54.754	33.662	0.00	123.503	8.755
52	A	4.371	50.607	21.427	0.00	121.425	7.262
53	A	3.522	50.709	17.455	0.00	124.289	8.562
54	P	4.622	61.157	30.282	0.00	0.00	0.00
55	P	4.403	63.536	32.123	0.00	0.00	0.00
56	E	3.967	60.127	29.892	0.00	124.405	8.845
57	E	4.245	57.285	28.748	0.00	115.138	9.241
58	M	4.439	55.462	34.392	0.00	121.244	7.633
59	Q	4.378	56.224	31.529	0.00	125.641	8.635
60	W	4.363	59.309	31.758	0.00	123.177	8.831
61	F	5.253	54.405	41.554	0.00	123.023	6.678
62	C	3.678	56.862	30.054	0.00	126.265	9.316
63	P	4.121	65.685	32.121	0.00	0.00	0.00
64	K	4.196	59.319	32.89	0.00	117.227	7.974
65	C	3.934	63.786	30.06	0.00	125.213	8.485
66	A	3.789	54.454	18.212	0.00	121.721	8.986
67	N	4.605	54.089	38.909	0.00	114.095	7.519
68	K	4.121	57.788	32.826	0.00	119.975	7.432
69	I	3.937	61.939	38.22	0.00	120.156	7.815
70	K	4.246	56.573	32.658	0.00	124.303	8.082
71	K	4.259	56.642	32.898	0.00	122.199	8.231
72	D	4.58	54.474	41.286	0.00	121.108	8.324
73	K	4.301	56.301	32.889	0.00	121.367	8.172
74	K	4.269	56.487	32.904	0.00	122.924	8.353
75	H	4.457	57.306	30.681	0.00	125.131	8.013
