#NUM	AA	HA	CA	CB	CO	N	HN
1	S	4.466	58.773	63.894	175.038	0.00	0.00
2	G	3.952	45.215	0.00	174.012	110.621	8.368
3	E	4.302	56.563	30.374	176.604	120.655	8.218
4	I	4.203	61.141	38.729	176.321	121.772	8.213
5	S	4.431	58.445	64.037	174.933	119.812	8.361
6	G	3.873	45.192	0.00	173.954	110.74	8.315
7	F	4.597	57.974	39.565	176.454	119.816	8.119
8	G	3.877	45.388	0.00	173.918	110.283	8.363
9	Q	4.38	55.843	29.83	175.626	119.426	8.139
10	C	4.511	58.478	28.209	0.00	0.00	8.223
11	L	4.552	54.694	43.241	0.00	0.00	8.127
12	V	4.209	61.646	34.285	0.00	122.551	8.326
13	W	5.29	55.768	31.699	175.333	0.00	8.237
14	V	4.475	59.771	35.097	171.836	120.457	9.251
15	Q	4.241	53.498	29.018	175.521	126.138	7.917
16	C	4.293	61.893	32.46	177.19	112.281	8.977
17	S	4.232	60.156	64.84	175.653	122.891	8.787
18	F	4.944	56.362	36.596	177.419	110.728	8.993
19	P	4.316	64.757	31.866	177.435	0.00	0.00
20	N	4.667	53.113	37.541	173.836	113.069	8.319
21	C	4.707	60.169	32.108	176.234	123.574	8.016
22	G	4.093	46.633	0.00	174.507	121.439	7.289
23	K	4.343	58.253	34.432	175.98	123.319	8.788
24	W	4.95	57.156	29.739	176.891	122.158	9.544
25	R	4.601	52.893	33.414	173.678	122.422	9.863
26	R	3.58	55.398	30.545	176.081	124.641	8.206
27	L	4.549	53.761	42.655	176.287	110.97	8.641
28	C	4.615	58.08	28.943	174.715	120.997	8.363
29	G	3.952	45.433	0.00	173.405	110.225	8.393
30	N	4.722	53.048	37.875	174.639	0.00	8.62
31	I	4.118	59.961	39.539	174.502	120.697	7.596
32	D	4.899	50.729	41.945	0.00	125.484	8.224
33	P	4.113	64.084	31.985	177.652	0.00	0.00
34	S	4.304	60.621	63.451	177.666	113.838	8.499
35	V	4.395	61.117	31.847	176.227	116.277	7.506
36	L	4.526	53.094	41.327	174.966	125.002	7.441
37	P	4.552	62.689	32.489	176.962	0.00	0.00
38	D	4.478	55.31	40.84	176.219	119.91	8.532
39	N	4.725	52.285	37.418	174.639	116.625	8.238
40	W	3.85	61.794	29.229	174.906	121.315	7.944
41	S	5.449	56.445	66.725	173.777	121.144	5.966
42	C	3.402	66.287	30.427	176.225	119.633	8.59
43	D	4.571	54.65	39.684	177.073	111.422	8.035
44	Q	4.123	55.285	28.971	177.084	117.49	7.803
45	N	4.764	53.7	38.833	176.183	121.527	8.002
46	T	4.184	62.878	68.72	175.055	117.071	8.348
47	D	4.673	52.923	40.954	176.953	121.876	7.426
48	V	3.898	63.098	30.938	175.893	121.464	7.933
49	Q	3.967	56.864	29.94	175.957	116.973	8.136
50	Y	4.805	56.856	40.363	175.703	113.865	7.329
51	N	5.304	52.415	38.123	174.239	118.669	7.143
52	R	4.686	54.559	36.527	177.299	112.843	6.884
53	C	4.949	62.558	30.521	175.355	122.546	8.474
54	D	4.477	53.815	40.026	176.828	110.945	7.755
55	I	4.371	59.676	39.452	175.305	124.148	7.33
56	P	4.341	63.493	32.694	176.531	0.00	0.00
57	E	4.174	57.297	31.895	177.03	121.465	8.79
58	E	4.259	57.0	30.982	175.589	109.765	9.122
59	T	4.282	62.26	69.641	174.108	117.69	8.306
60	W	4.729	57.145	29.948	176.218	126.065	8.357
61	T	4.146	61.676	69.9	174.612	116.312	7.968
62	G	3.5695	45.204	0.00	173.6	109.668	7.197
63	L	4.283	55.024	42.441	176.454	121.225	7.83
64	E	4.092	58.169	31.17	181.112	126.095	7.902
