#NUM	AA	HA	CA	CB	CO	N	HN
1	S	4.466	58.773	63.894	175.038	0.00	0.00
2	G	3.952	45.364	0.00	174.012	110.582	8.365
3	E	4.284	56.541	30.349	176.604	120.674	8.203
4	I	4.181	61.141	38.688	176.321	121.818	8.213
5	S	4.414	58.445	63.894	174.933	119.773	8.349
6	G	3.873	45.192	0.00	173.954	110.779	8.315
7	F	4.583	58.033	39.516	176.454	119.875	8.124
8	G	3.863	45.388	0.00	173.918	110.283	8.363
9	Q	4.367	55.874	29.688	175.626	119.372	8.182
10	C	4.511	58.478	28.759	0.00	119.555	8.32
11	L	4.485	54.499	43.352	0.00	124.453	8.484
12	V	4.745	61.646	33.822	0.00	122.788	8.395
13	W	5.306	55.113	32.452	175.333	124.973	8.728
14	V	4.889	59.771	35.097	171.836	120.43	9.351
15	Q	4.19	53.539	28.705	175.521	127.517	7.857
16	C	4.3	62.046	32.449	177.19	129.879	8.965
17	S	4.203	60.277	64.825	175.653	122.787	8.808
18	F	4.933	56.362	36.596	177.419	127.43	8.953
19	P	4.289	64.78	31.845	177.435	0.00	0.00
20	N	4.667	53.113	37.468	173.836	112.955	8.302
21	C	4.707	60.169	32.108	176.234	123.474	7.984
22	G	4.0395	46.603	0.00	174.507	104.179	7.275
23	K	4.334	58.204	34.412	175.98	123.383	8.799
24	W	4.944	56.831	30.054	176.891	121.838	9.598
25	R	4.627	52.747	32.746	173.678	122.121	9.902
26	R	3.453	56.023	30.422	176.081	125.688	8.369
27	L	4.52	53.782	42.701	176.287	127.427	8.587
28	C	4.505	58.306	28.754	174.715	121.761	8.401
29	G	3.9285	45.385	0.00	173.405	109.903	8.424
30	N	4.663	53.048	37.694	174.639	118.289	8.342
31	I	4.097	59.759	39.373	174.502	120.826	7.471
32	D	4.844	50.542	41.909	0.00	126.332	8.238
33	P	4.032	64.084	31.985	177.652	0.00	0.00
34	S	4.248	60.889	63.322	177.666	113.797	8.485
35	V	4.418	61.031	31.572	176.227	114.868	7.466
36	L	4.509	53.094	41.358	174.966	123.82	7.246
37	P	4.567	62.463	32.563	176.962	0.00	0.00
38	D	4.36	56.367	40.74	176.219	120.533	8.719
39	N	4.788	52.285	37.209	174.639	116.106	8.158
40	W	3.818	61.794	29.552	174.906	120.252	7.547
41	S	5.453	56.319	66.785	173.777	121.537	5.997
42	C	3.386	66.403	30.397	176.225	119.597	8.573
43	D	4.571	54.65	39.665	177.073	111.422	8.035
44	Q	4.109	55.226	28.895	177.084	117.408	7.809
45	N	4.764	53.7	38.791	176.183	121.575	8.016
46	T	4.172	62.902	68.682	175.055	117.169	8.391
47	D	4.655	52.834	40.913	176.953	121.806	7.377
48	V	3.876	63.098	30.938	175.893	121.464	7.92
49	Q	3.953	56.847	29.885	175.957	116.907	8.085
50	Y	4.805	56.72	40.323	175.703	113.957	7.329
51	N	5.317	52.381	38.06	174.239	118.696	7.132
52	R	4.664	54.559	36.527	177.299	112.729	6.853
53	C	4.934	62.617	30.463	175.355	122.677	8.507
54	D	4.451	53.815	40.015	176.828	110.872	7.74
55	I	4.348	59.69	39.452	175.305	124.148	7.304
56	P	4.315	63.551	32.614	176.531	0.00	0.00
57	E	4.159	57.236	32.081	177.03	122.148	8.787
58	E	4.246	57.0	30.953	175.589	127.637	9.144
59	T	4.195	62.471	69.596	174.108	117.905	8.309
60	W	4.781	56.707	29.872	176.218	125.238	8.272
61	T	4.143	61.881	69.843	174.612	116.292	7.992
62	G	3.7065	45.279	0.00	173.6	109.668	7.197
63	L	4.32	54.997	42.441	176.454	121.223	7.893
64	E	4.067	58.196	31.129	181.112	126.013	7.931
