#NUM	AA	HA	CA	CB	CO	N	HN
1	G	3.904	0.00	0.00	0.00	0.00	0.00
2	S	4.507	0.00	0.00	0.00	115.89	8.665
3	R	4.343	0.00	0.00	0.00	123.495	8.531
4	R	4.309	0.00	0.00	0.00	123.215	8.432
5	A	4.316	0.00	0.00	0.00	125.754	8.392
6	S	4.463	0.00	0.00	0.00	115.641	8.33
7	V	4.154	0.00	0.00	0.00	121.791	8.203
8	G	3.988	0.00	0.00	0.00	112.501	8.477
9	S	4.458	0.00	0.00	0.00	115.866	8.214
10	A	4.323	0.00	0.00	0.00	126.042	8.408
11	K	4.311	0.00	0.00	0.00	120.067	8.245
12	S	4.507	0.00	0.00	0.00	115.917	8.222
13	M	4.505	0.00	0.00	0.00	122.955	8.521
14	W	5.178	0.00	0.00	0.00	119.242	8.13
15	T	4.8	0.00	0.00	0.00	115.919	9.423
16	E	4.487	0.00	0.00	0.00	124.258	8.676
17	H	4.5	0.00	0.00	0.00	122.287	8.588
18	K	5.158	0.00	0.00	0.00	119.459	8.325
19	S	0.00	0.00	0.00	0.00	121.169	9.379
20	P	4.338	0.00	0.00	0.00	0.00	0.00
21	D	4.63	0.00	0.00	0.00	112.503	7.85
22	G	3.979	0.00	0.00	0.00	108.448	8.343
23	R	4.496	0.00	0.00	0.00	121.318	7.752
24	T	4.886	0.00	0.00	0.00	120.929	8.769
25	Y	4.824	0.00	0.00	0.00	122.537	8.695
26	Y	5.291	0.00	0.00	0.00	118.514	8.965
27	Y	5.574	0.00	0.00	0.00	123.917	9.402
28	N	4.418	0.00	0.00	0.00	130.256	8.205
29	T	3.726	0.00	0.00	0.00	116.846	8.354
30	E	4.277	0.00	0.00	0.00	120.709	8.155
31	T	4.103	0.00	0.00	0.00	108.999	7.775
32	K	3.627	0.00	0.00	0.00	116.444	7.967
33	Q	4.422	0.00	0.00	0.00	117.82	7.054
34	S	6.033	0.00	0.00	0.00	116.284	8.53
35	T	4.767	0.00	0.00	0.00	117.321	9.274
36	W	5.032	0.00	0.00	0.00	125.067	8.492
37	E	4.475	0.00	0.00	0.00	119.824	8.13
38	K	3.024	0.00	0.00	0.00	125.774	8.229
39	P	3.973	0.00	0.00	0.00	0.00	0.00
40	D	4.508	0.00	0.00	0.00	120.257	8.199
41	D	4.406	0.00	0.00	0.00	123.211	7.853
