#NUM	AA	HA	CA	CB	CO	N	HN
1	G	3.893	0.00	0.00	0.00	0.00	0.00
2	S	4.457	0.00	0.00	0.00	115.926	8.645
3	R	4.309	0.00	0.00	0.00	123.52	8.511
4	R	4.316	0.00	0.00	0.00	123.216	8.41
5	A	4.31	0.00	0.00	0.00	125.95	8.386
6	S	4.453	0.00	0.00	0.00	115.706	8.313
7	V	4.157	0.00	0.00	0.00	121.74	8.184
8	G	3.982	0.00	0.00	0.00	112.472	8.461
9	S	4.504	0.00	0.00	0.00	115.878	8.205
10	A	4.314	0.00	0.00	0.00	125.953	8.389
11	K	4.31	0.00	0.00	0.00	119.903	8.227
12	S	4.516	0.00	0.00	0.00	115.883	8.203
13	M	4.426	0.00	0.00	0.00	122.831	8.477
14	W	5.234	0.00	0.00	0.00	119.397	8.113
15	T	4.843	0.00	0.00	0.00	114.754	9.403
16	E	4.595	0.00	0.00	0.00	123.733	8.696
17	H	4.447	0.00	0.00	0.00	121.577	8.544
18	K	5.153	0.00	0.00	0.00	119.326	8.41
19	S	0.00	0.00	0.00	0.00	121.691	9.611
20	P	4.428	0.00	0.00	0.00	0.00	0.00
21	D	0.00	0.00	0.00	0.00	112.108	7.894
22	G	3.978	0.00	0.00	0.00	108.396	8.326
23	R	4.503	0.00	0.00	0.00	121.533	7.791
24	T	4.934	0.00	0.00	0.00	122.103	8.884
25	Y	4.987	0.00	0.00	0.00	122.111	8.886
26	Y	5.376	0.00	0.00	0.00	118.099	9.013
27	Y	5.724	0.00	0.00	0.00	123.416	9.454
28	N	4.442	0.00	0.00	0.00	130.682	8.165
29	T	3.67	0.00	0.00	0.00	116.844	8.316
30	E	4.293	0.00	0.00	0.00	120.577	8.146
31	T	4.088	0.00	0.00	0.00	109.004	7.751
32	K	3.63	0.00	0.00	0.00	116.348	7.909
33	Q	4.45	0.00	0.00	0.00	117.556	6.998
34	S	6.105	0.00	0.00	0.00	117.466	8.488
35	T	0.00	0.00	0.00	0.00	117.93	9.442
36	W	5.143	0.00	0.00	0.00	125.316	8.648
37	E	4.447	0.00	0.00	0.00	119.356	8.201
38	K	2.914	0.00	0.00	0.00	126.629	8.218
39	P	3.93	0.00	0.00	0.00	0.00	0.00
40	D	4.57	0.00	0.00	0.00	119.715	8.266
41	D	0.00	0.00	0.00	0.00	123.126	7.839
